0 0.098437 0.291406 0.193750 0.235937
0 0.226562 0.219531 0.037500 0.054688
0 0.295312 0.225000 0.037500 0.053125
0 0.333594 0.199219 0.035937 0.042188
0 0.389844 0.192188 0.042188 0.062500
0 0.490625 0.277344 0.081250 0.126562
0 0.489844 0.367969 0.064062 0.067187
0 0.133594 0.466406 0.123438 0.117188
0 0.113281 0.579688 0.085938 0.068750
0 0.241406 0.546875 0.042188 0.043750
0 0.254688 0.455469 0.043750 0.042188
0 0.345313 0.489063 0.065625 0.093750
0 0.571094 0.232031 0.060937 0.060937
0 0.636719 0.283594 0.073438 0.060937
0 0.613281 0.392188 0.145313 0.134375
0 0.385937 0.674219 0.371875 0.179688
0 0.478906 0.555469 0.257812 0.117188
0 0.649219 0.534375 0.054688 0.087500
0 0.637500 0.653906 0.090625 0.148438
0 0.597656 0.766406 0.089063 0.051562
0 0.443750 0.830469 0.118750 0.170313
0 0.614844 0.877344 0.251563 0.164062
0 0.846094 0.371875 0.270313 0.537500
0 0.596875 0.075000 0.125000 0.134375
