1 0.606250 0.348438 0.159375 0.209375
1 0.764844 0.389844 0.135937 0.339062
1 0.882031 0.453125 0.089063 0.212500
1 0.968750 0.515625 0.062500 0.150000
1 0.650781 0.487500 0.082812 0.056250
1 0.431250 0.379688 0.087500 0.140625
1 0.340625 0.446875 0.090625 0.121875
1 0.285938 0.601562 0.225000 0.165625
1 0.327344 0.754687 0.042188 0.090625
1 0.414062 0.761719 0.100000 0.114062
1 0.451562 0.675781 0.068750 0.045312
1 0.036719 0.272656 0.070312 0.095312
1 0.159375 0.244531 0.109375 0.145313
1 0.039844 0.396875 0.076563 0.125000
1 0.021875 0.500781 0.031250 0.042188
1 0.069531 0.505469 0.035937 0.032813
1 0.143750 0.424219 0.068750 0.060937
1 0.132812 0.489063 0.075000 0.043750
1 0.147656 0.353125 0.098437 0.059375
1 0.958594 0.097656 0.054688 0.089063
