0 0.388281 0.627344 0.154688 0.198437
0 0.471094 0.310156 0.214062 0.160938
0 0.582031 0.723437 0.223438 0.300000
0 0.279687 0.818750 0.103125 0.112500
0 0.260937 0.953906 0.090625 0.064062
0 0.393750 0.928125 0.084375 0.103125
0 0.803125 0.815625 0.221875 0.243750
0 0.721875 0.483594 0.025000 0.032813
0 0.744531 0.529687 0.039062 0.034375
0 0.752344 0.573438 0.042188 0.040625
0 0.783594 0.628906 0.035937 0.035937
0 0.814063 0.694531 0.037500 0.039062
0 0.325781 0.271094 0.082812 0.151562
0 0.107813 0.090625 0.053125 0.068750
0 0.139063 0.171875 0.093750 0.059375
0 0.204687 0.098437 0.046875 0.084375
0 0.023438 0.235156 0.043750 0.135937
0 0.046094 0.346094 0.039062 0.045312
0 0.037500 0.449219 0.021875 0.048438
0 0.032031 0.400000 0.045312 0.046875
0 0.529687 0.078906 0.087500 0.145313
0 0.667188 0.164062 0.065625 0.096875
0 0.406250 0.160938 0.084375 0.081250
0 0.492969 0.456250 0.220312 0.106250
0 0.642188 0.454688 0.071875 0.090625
0 0.951562 0.103906 0.096875 0.201563
