0 0.021094 0.382031 0.039062 0.079687
0 0.128125 0.435156 0.065625 0.048438
0 0.275781 0.748437 0.523438 0.390625
0 0.203906 0.974219 0.067187 0.051562
0 0.307031 0.967969 0.076563 0.051562
0 0.319531 0.513281 0.251563 0.085938
0 0.574219 0.762500 0.076563 0.131250
0 0.695312 0.717969 0.103125 0.117188
0 0.675781 0.839844 0.107813 0.092188
0 0.605469 0.942969 0.095312 0.095312
0 0.771875 0.935937 0.090625 0.103125
0 0.817969 0.692969 0.148438 0.129688
0 0.896094 0.799219 0.085938 0.089063
0 0.971875 0.775000 0.056250 0.053125
0 0.878125 0.525781 0.090625 0.098437
0 0.088281 0.104688 0.070312 0.056250
0 0.139844 0.257812 0.185938 0.231250
0 0.196875 0.087500 0.131250 0.109375
0 0.292969 0.034375 0.092188 0.065625
0 0.514844 0.327344 0.545312 0.323437
0 0.323437 0.409375 0.250000 0.125000
0 0.664844 0.172656 0.670312 0.342187
