0 0.185156 0.092969 0.035937 0.048438
0 0.170313 0.217188 0.081250 0.121875
0 0.135937 0.355469 0.081250 0.123438
0 0.237500 0.302344 0.046875 0.045312
0 0.404687 0.103125 0.046875 0.071875
0 0.360156 0.166406 0.054688 0.085938
0 0.310937 0.121094 0.037500 0.060937
0 0.335156 0.317969 0.110937 0.126562
0 0.420312 0.335156 0.062500 0.089063
0 0.407031 0.444531 0.060937 0.057813
0 0.349219 0.581250 0.048438 0.078125
0 0.331250 0.694531 0.056250 0.076563
0 0.341406 0.814844 0.082812 0.145313
0 0.518750 0.751563 0.068750 0.134375
0 0.579688 0.737500 0.071875 0.093750
0 0.602344 0.668750 0.073438 0.056250
0 0.548438 0.614844 0.031250 0.035937
0 0.632812 0.498437 0.137500 0.103125
0 0.485938 0.473438 0.034375 0.050000
0 0.546875 0.499219 0.021875 0.032813
0 0.744531 0.664844 0.045312 0.067187
0 0.798438 0.700000 0.034375 0.037500
0 0.767188 0.761719 0.062500 0.057813
0 0.959375 0.273438 0.081250 0.087500
0 0.839844 0.131250 0.076563 0.106250
0 0.245312 0.404687 0.040625 0.050000
0 0.057031 0.594531 0.057813 0.085938
