0 0.075781 0.550000 0.042188 0.040625
0 0.127344 0.549219 0.035937 0.060937
0 0.121094 0.603906 0.064062 0.054688
0 0.231250 0.854688 0.056250 0.046875
0 0.221875 0.932813 0.087500 0.068750
0 0.259375 0.764844 0.034375 0.020313
0 0.435937 0.615625 0.081250 0.131250
0 0.575000 0.742188 0.187500 0.156250
0 0.562500 0.850000 0.062500 0.068750
0 0.402344 0.394531 0.064062 0.085938
0 0.506250 0.496094 0.203125 0.107813
0 0.562500 0.616406 0.162500 0.104688
0 0.275781 0.368750 0.098437 0.062500
0 0.103125 0.453125 0.100000 0.065625
0 0.200781 0.471094 0.054688 0.095312
