0 0.181250 0.281250 0.131250 0.190625
0 0.348438 0.408594 0.103125 0.142187
0 0.235156 0.528906 0.095312 0.107813
0 0.174219 0.470313 0.089063 0.093750
0 0.340625 0.599219 0.065625 0.079687
0 0.299219 0.696094 0.101562 0.076563
0 0.256250 0.805469 0.150000 0.107813
0 0.450000 0.710938 0.175000 0.078125
0 0.371875 0.773438 0.056250 0.046875
0 0.409375 0.845313 0.059375 0.050000
0 0.403906 0.917188 0.048438 0.043750
0 0.660937 0.783594 0.271875 0.217188
0 0.807813 0.664062 0.121875 0.106250
0 0.534375 0.606250 0.096875 0.078125
0 0.653906 0.629687 0.079687 0.071875
0 0.515625 0.438281 0.196875 0.207813
0 0.499219 0.287500 0.089063 0.065625
0 0.599219 0.195312 0.151562 0.137500
0 0.530469 0.089063 0.082812 0.056250
0 0.706250 0.284375 0.096875 0.143750
0 0.646094 0.498437 0.051562 0.078125
0 0.777344 0.479687 0.110937 0.203125
0 0.889062 0.439844 0.096875 0.120313
0 0.392969 0.291406 0.057813 0.048438
