0 0.196094 0.507031 0.167187 0.185938
0 0.367969 0.593750 0.148438 0.121875
0 0.121875 0.801562 0.062500 0.115625
0 0.189844 0.858594 0.073438 0.139063
0 0.172656 0.959375 0.098437 0.081250
0 0.283594 0.921875 0.129688 0.115625
0 0.288281 0.800000 0.064062 0.078125
0 0.407813 0.412500 0.159375 0.156250
0 0.525781 0.418750 0.092188 0.218750
0 0.624219 0.311719 0.104688 0.154688
0 0.794531 0.447656 0.110937 0.154688
0 0.719531 0.197656 0.092188 0.107813
0 0.765625 0.075781 0.100000 0.107813
0 0.415625 0.189844 0.528125 0.376563
0 0.614844 0.802344 0.507812 0.385937
