0 0.028906 0.333594 0.054688 0.154688
0 0.053125 0.187500 0.037500 0.065625
0 0.118750 0.156250 0.065625 0.081250
0 0.099219 0.258594 0.067187 0.092188
0 0.098437 0.450781 0.068750 0.148438
0 0.071875 0.560937 0.062500 0.068750
0 0.067969 0.735938 0.132812 0.234375
0 0.142969 0.806250 0.064062 0.050000
0 0.164062 0.864062 0.109375 0.046875
0 0.113281 0.912500 0.107813 0.068750
0 0.228906 0.437500 0.060937 0.071875
0 0.402344 0.343750 0.104688 0.125000
0 0.309375 0.046875 0.062500 0.090625
0 0.325781 0.158594 0.060937 0.076563
0 0.331250 0.535937 0.040625 0.156250
0 0.417187 0.729688 0.065625 0.071875
0 0.300781 0.718750 0.042188 0.043750
0 0.251563 0.670312 0.025000 0.043750
0 0.318750 0.846094 0.071875 0.082812
0 0.417187 0.828125 0.084375 0.053125
0 0.455469 0.887500 0.032813 0.037500
0 0.489844 0.953125 0.054688 0.050000
0 0.668750 0.751563 0.071875 0.065625
0 0.576562 0.843750 0.028125 0.046875
0 0.620313 0.867188 0.031250 0.043750
0 0.911719 0.605469 0.042188 0.057813
0 0.714844 0.600000 0.029687 0.031250
0 0.578906 0.596875 0.029687 0.034375
0 0.855469 0.817187 0.026562 0.040625
0 0.378906 0.421094 0.035937 0.032813
0 0.989062 0.639062 0.021875 0.125000
