0 0.252344 0.733594 0.073438 0.076563
0 0.252344 0.657031 0.073438 0.057813
0 0.842969 0.787500 0.092188 0.065625
0 0.907031 0.785156 0.039062 0.048438
0 0.857031 0.853125 0.048438 0.050000
0 0.805469 0.864844 0.051562 0.051562
0 0.810156 0.955469 0.064062 0.089063
0 0.413281 0.985938 0.035937 0.028125
0 0.408594 0.939844 0.076563 0.042188
0 0.346875 0.982031 0.025000 0.029687
0 0.434375 0.358594 0.034375 0.045312
0 0.484375 0.421875 0.056250 0.028125
0 0.432812 0.453125 0.021875 0.031250
0 0.453906 0.455469 0.010937 0.020313
0 0.437500 0.499219 0.025000 0.017188
0 0.424219 0.538281 0.051562 0.029687
0 0.412500 0.560156 0.059375 0.067187
0 0.610938 0.153906 0.056250 0.064062
0 0.914844 0.316406 0.054688 0.070312
0 0.875781 0.208594 0.023438 0.023438
0 0.976562 0.584375 0.021875 0.031250
0 0.931250 0.593750 0.025000 0.034375
0 0.891406 0.611719 0.023438 0.029687
0 0.849219 0.597656 0.026562 0.035937
0 0.678125 0.446094 0.031250 0.023438
0 0.725781 0.442188 0.035937 0.046875
0 0.730469 0.487500 0.023438 0.031250
0 0.764844 0.442188 0.023438 0.034375
0 0.823438 0.416406 0.028125 0.070312
0 0.675781 0.285156 0.026562 0.082812
0 0.343750 0.293750 0.043750 0.046875
0 0.255469 0.528125 0.032813 0.028125
0 0.689063 0.510938 0.034375 0.087500
0 0.697656 0.377344 0.039062 0.045312
