0 0.457031 0.114062 0.129688 0.218750
0 0.149219 0.052344 0.245312 0.101562
0 0.180469 0.388281 0.107813 0.142187
0 0.060156 0.599219 0.117188 0.526563
0 0.153125 0.639844 0.093750 0.145313
0 0.318750 0.462500 0.150000 0.318750
0 0.174219 0.899219 0.207813 0.201563
0 0.388281 0.708594 0.139063 0.110937
0 0.440625 0.889062 0.300000 0.184375
0 0.525000 0.753906 0.146875 0.085938
0 0.512500 0.660156 0.084375 0.067187
0 0.495312 0.450000 0.100000 0.081250
0 0.896094 0.199219 0.207813 0.395313
0 0.866406 0.452344 0.089063 0.092188
0 0.957031 0.546875 0.085938 0.143750
0 0.812500 0.699219 0.178125 0.182812
0 0.885938 0.551562 0.075000 0.071875
