0 0.254688 0.674219 0.118750 0.154688
0 0.135937 0.768750 0.059375 0.046875
0 0.153125 0.875781 0.056250 0.054688
0 0.311719 0.827344 0.035937 0.039062
0 0.197656 0.960938 0.042188 0.034375
0 0.467969 0.659375 0.157812 0.131250
0 0.342969 0.604688 0.051562 0.050000
0 0.215625 0.545312 0.093750 0.062500
0 0.296875 0.536719 0.043750 0.045312
0 0.382031 0.510938 0.114062 0.084375
0 0.502344 0.528125 0.045312 0.043750
0 0.630469 0.609375 0.079687 0.068750
0 0.671094 0.803125 0.092188 0.059375
0 0.321094 0.444531 0.460938 0.167187
0 0.603906 0.258594 0.617188 0.510938
0 0.791406 0.646094 0.082812 0.070312
0 0.890625 0.617188 0.078125 0.046875
