0 0.193750 0.220312 0.215625 0.278125
0 0.159375 0.429688 0.168750 0.121875
0 0.244531 0.500000 0.064062 0.046875
0 0.243750 0.579688 0.068750 0.046875
0 0.261719 0.691406 0.054688 0.057813
0 0.200781 0.661719 0.060937 0.073438
0 0.330469 0.785156 0.092188 0.198437
0 0.428906 0.682813 0.248438 0.184375
0 0.403125 0.517969 0.171875 0.176563
0 0.397656 0.821875 0.045312 0.053125
0 0.425781 0.914062 0.073438 0.071875
0 0.617969 0.709375 0.110937 0.156250
0 0.454688 0.325781 0.078125 0.076563
0 0.513281 0.244531 0.114062 0.073438
0 0.582031 0.319531 0.107813 0.082812
0 0.409375 0.152344 0.087500 0.089063
0 0.520312 0.121094 0.068750 0.107813
0 0.464062 0.092188 0.056250 0.071875
0 0.574219 0.116406 0.045312 0.051562
0 0.646094 0.128125 0.045312 0.084375
0 0.584375 0.034375 0.056250 0.046875
0 0.532031 0.474219 0.054688 0.076563
0 0.715625 0.465625 0.103125 0.178125
