0 0.316406 0.577344 0.185938 0.076563
0 0.491406 0.828125 0.254688 0.046875
0 0.370312 0.637500 0.078125 0.043750
0 0.592187 0.430469 0.059375 0.085938
0 0.469531 0.408594 0.042188 0.051562
0 0.283594 0.068750 0.082812 0.087500
0 0.492969 0.706250 0.551562 0.159375
0 0.592969 0.578125 0.345313 0.103125
0 0.932031 0.529687 0.101562 0.253125
0 0.838281 0.731250 0.107813 0.096875
0 0.407813 0.491406 0.278125 0.073438
0 0.677344 0.309375 0.104688 0.084375
0 0.177344 0.203125 0.148438 0.193750
0 0.328125 0.259375 0.137500 0.078125
0 0.441406 0.352344 0.085938 0.060937
0 0.410156 0.425000 0.079687 0.071875
0 0.680469 0.805469 0.095312 0.051562
0 0.682813 0.508594 0.206250 0.060937
