1 0.144531 0.309375 0.079687 0.078125
1 0.098437 0.197656 0.075000 0.117188
1 0.116406 0.511719 0.082812 0.057813
1 0.167187 0.574219 0.075000 0.085938
1 0.191406 0.717187 0.089063 0.100000
1 0.297656 0.616406 0.139063 0.114062
1 0.340625 0.518750 0.040625 0.031250
1 0.480469 0.384375 0.079687 0.053125
1 0.563281 0.440625 0.170313 0.065625
1 0.546094 0.389062 0.035937 0.040625
1 0.536719 0.344531 0.095312 0.032813
1 0.615625 0.384375 0.062500 0.050000
1 0.442969 0.524219 0.054688 0.045312
1 0.853125 0.578906 0.068750 0.060937
1 0.803906 0.624219 0.045312 0.039062
1 0.670312 0.664062 0.040625 0.025000
1 0.654687 0.700000 0.043750 0.025000
1 0.690625 0.609375 0.034375 0.031250
1 0.539844 0.587500 0.051562 0.043750
1 0.812500 0.339844 0.137500 0.160938
1 0.616406 0.078906 0.157812 0.154688
1 0.596094 0.173437 0.048438 0.028125
1 0.635938 0.210938 0.059375 0.034375
1 0.704688 0.190625 0.084375 0.056250
1 0.720313 0.107031 0.021875 0.029687
