0 0.210156 0.491406 0.110937 0.170313
0 0.189062 0.766406 0.190625 0.467187
0 0.359375 0.575000 0.196875 0.231250
0 0.428125 0.410156 0.240625 0.198437
0 0.463281 0.281250 0.195312 0.137500
0 0.369531 0.752344 0.210938 0.189062
0 0.380469 0.927344 0.151562 0.145313
0 0.509375 0.939844 0.078125 0.120313
0 0.496875 0.582812 0.109375 0.196875
0 0.600781 0.575781 0.092188 0.242188
0 0.745313 0.843750 0.509375 0.312500
0 0.806250 0.614844 0.190625 0.170313
0 0.639062 0.510156 0.187500 0.351562
0 0.836719 0.450000 0.154688 0.150000
0 0.680469 0.256250 0.239063 0.137500
0 0.296094 0.044531 0.104688 0.067187
0 0.317188 0.152344 0.112500 0.117188
0 0.397656 0.126562 0.123438 0.168750
0 0.519531 0.056250 0.070312 0.100000
0 0.635938 0.065625 0.153125 0.128125
0 0.871094 0.114062 0.232813 0.225000
