0 0.807813 0.699219 0.159375 0.135937
0 0.884375 0.798438 0.068750 0.093750
0 0.955469 0.781250 0.048438 0.075000
0 0.671875 0.835938 0.093750 0.106250
0 0.761719 0.932813 0.073438 0.081250
0 0.626563 0.946094 0.131250 0.107813
0 0.269531 0.818750 0.535937 0.362500
0 0.574219 0.766406 0.079687 0.123438
0 0.264062 0.581250 0.525000 0.146875
0 0.049219 0.384375 0.085938 0.084375
0 0.179688 0.431250 0.050000 0.046875
0 0.312500 0.482812 0.190625 0.068750
0 0.175000 0.235937 0.209375 0.300000
0 0.528906 0.395313 0.579688 0.146875
0 0.677344 0.407031 0.042188 0.079687
0 0.714063 0.395313 0.050000 0.046875
0 0.768750 0.372656 0.059375 0.042188
0 0.642969 0.185156 0.714063 0.348438
