0 0.121094 0.253125 0.173437 0.171875
0 0.132031 0.418750 0.054688 0.043750
0 0.148438 0.507812 0.050000 0.106250
0 0.242969 0.503125 0.051562 0.081250
0 0.142969 0.693750 0.060937 0.118750
0 0.068750 0.704688 0.034375 0.046875
0 0.208594 0.623437 0.029687 0.046875
0 0.354687 0.267188 0.125000 0.234375
0 0.509375 0.129688 0.115625 0.103125
0 0.713281 0.308594 0.148438 0.151562
0 0.557031 0.393750 0.079687 0.068750
0 0.386719 0.565625 0.129688 0.181250
0 0.371875 0.732031 0.125000 0.114062
0 0.518750 0.517969 0.040625 0.054688
0 0.667188 0.493750 0.121875 0.103125
0 0.778125 0.439844 0.096875 0.073438
0 0.878906 0.529687 0.054688 0.087500
0 0.600781 0.590625 0.054688 0.062500
0 0.686719 0.600781 0.051562 0.045312
0 0.753125 0.670312 0.065625 0.053125
0 0.843750 0.773438 0.118750 0.181250
0 0.639062 0.711719 0.034375 0.032813
0 0.721875 0.816406 0.106250 0.076563
0 0.599219 0.850000 0.092188 0.156250
0 0.667969 0.973437 0.051562 0.050000
0 0.723437 0.908594 0.053125 0.054688
0 0.811719 0.961719 0.085938 0.076563
