0 0.218750 0.229687 0.243750 0.296875
0 0.253125 0.039844 0.128125 0.070312
0 0.230469 0.427344 0.085938 0.060937
0 0.297656 0.407813 0.070312 0.059375
0 0.250781 0.500000 0.051562 0.059375
0 0.164062 0.542188 0.081250 0.090625
0 0.713281 0.382031 0.201563 0.204687
0 0.653125 0.207031 0.106250 0.151562
0 0.432031 0.080469 0.198437 0.154688
0 0.798438 0.625781 0.381250 0.217188
0 0.836719 0.814844 0.298438 0.154688
0 0.039844 0.798438 0.045312 0.090625
0 0.087500 0.724219 0.037500 0.035937
0 0.065625 0.621094 0.028125 0.023438
